,EDAD,DIABETES,HOSPITALIZACIÓN ULTIMO MES,PSA,VOLUMEN PROSTATICO,NUMERO DE MUESTRAS TOMADAS,ENF. CRONICA PULMONAR OBSTRUCTIVA,FIEBRE,ITU,HOSPITALIZACION
0,53.0,0,0,4.0,1,12.0,0,1,0,1
1,56.0,0,0,7.7,1,12.0,0,1,0,1
2,57.0,0,0,29.0,1,24.0,0,1,0,1
3,56.0,0,0,7.0,1,12.0,0,1,0,1
4,55.0,0,0,29.0,1,24.0,0,1,0,1
5,55.0,1,1,4.0,1,12.0,0,0,0,1
6,53.0,0,0,7.0,1,12.0,0,1,1,1
7,67.0,0,0,6.2,1,12.0,0,1,1,1
8,69.0,0,0,6.0,0,12.0,0,1,0,1
10,54.0,0,0,7.7,1,12.0,0,1,1,1
11,68.0,0,0,6.2,1,12.0,0,1,1,1
12,69.0,0,0,5.7,0,12.0,0,1,0,1
13,43.0,0,0,6.0,0,12.0,0,0,0,1
14,65.0,0,0,4.3,0,12.0,0,1,0,1
15,62.0,0,0,7.0,1,12.0,0,1,0,1
16,65.0,1,0,5.19,1,24.0,0,1,0,1
17,71.0,0,0,4.5,1,12.0,0,1,0,1
18,65.0,0,0,4.5,0,12.0,0,1,0,1
19,62.0,1,0,7.0,1,12.0,0,1,0,1
20,64.0,1,0,5.7,1,24.0,0,0,0,1
21,71.0,0,0,4.3,1,12.0,0,1,0,1
22,69.0,1,0,14.0,1,18.0,0,1,1,1
23,69.0,0,0,14.0,1,18.0,0,1,1,1
24,77.0,0,0,10.0,1,12.0,0,1,0,0
25,75.0,0,0,9.0,1,12.0,0,1,0,0
26,75.0,0,0,25.0,1,12.0,1,0,0,0
27,77.0,0,0,8.0,1,6.0,1,0,0,0
28,75.0,0,0,21.0,1,12.0,1,0,0,0
29,77.0,0,0,8.0,1,6.0,1,0,0,0
30,73.0,0,0,7.5,1,12.0,1,0,0,0
32,73.0,0,0,7.5,1,12.0,1,0,0,0
33,63.0,0,0,10.5,0,12.0,1,0,0,0
34,53.0,0,0,8.0,1,12.0,1,0,0,0
35,75.0,1,0,5.1,1,12.0,1,0,0,0
36,62.0,0,0,16.0,1,12.0,1,0,0,0
37,69.0,0,0,17.0,1,12.0,1,0,0,0
38,71.0,0,0,23.0,0,12.0,1,0,0,0
39,66.0,0,0,6.4,1,12.0,1,0,0,0
40,53.0,0,0,8.0,1,12.0,1,0,0,0
41,75.0,1,0,5.8,1,12.0,1,0,0,0
42,62.0,0,0,16.0,1,12.0,1,0,0,0
43,69.0,0,0,17.0,1,12.0,1,0,0,0
44,71.0,0,0,25.0,0,12.0,1,0,0,0
45,66.0,0,0,6.4,1,12.0,1,0,0,0
46,84.0,0,0,38.9,1,6.0,0,0,0,0
47,68.0,0,0,20.0,1,12.0,0,0,0,0
48,84.0,0,0,40.0,1,6.0,0,0,0,0
49,68.0,0,0,20.0,1,12.0,0,0,0,0
50,64.0,0,1,9.5,1,12.0,0,0,0,0
51,62.0,0,1,6.0,0,18.0,0,0,0,0
52,64.0,0,1,9.6,1,12.0,0,1,0,0
53,62.0,0,1,6.0,0,18.0,0,0,0,0
54,64.0,0,0,10.2,1,12.0,0,0,0,0
55,42.0,0,0,8.5,0,12.0,0,0,0,0
56,42.0,0,0,53.0,0,12.0,0,0,0,0
57,68.0,0,0,6.0,1,12.0,0,0,0,0
58,61.0,0,0,19.0,0,12.0,0,0,0,0
59,47.0,0,0,5.6,0,12.0,0,0,0,0
60,47.0,0,0,6.0,0,12.0,0,0,0,0
61,48.0,0,0,3.5,1,12.0,0,0,0,0
62,49.0,0,0,15.0,0,12.0,0,0,0,0
63,65.0,0,0,5.2,1,12.0,0,0,0,0
64,81.0,0,0,17.7,0,12.0,0,0,0,0
65,52.0,0,0,6.0,0,24.0,0,0,0,0
66,61.0,0,0,4.0,1,18.0,0,0,0,0
67,52.0,0,0,5.2,1,16.0,0,0,0,0
68,52.0,0,0,15.0,1,12.0,0,0,0,0
69,53.0,0,0,21.0,0,12.0,0,0,0,0
70,68.0,0,0,25.0,0,12.0,0,0,0,0
71,53.0,0,0,4.6,1,12.0,0,0,0,0
72,63.0,0,0,8.0,1,12.0,0,0,0,0
73,69.0,0,0,5.6,0,12.0,0,0,0,0
74,54.0,0,0,8.7,1,24.0,0,0,0,0
75,74.0,1,0,6.4,1,12.0,0,0,0,0
77,54.0,0,0,8.0,1,6.0,0,0,0,0
78,55.0,0,0,4.8,0,12.0,0,0,0,0
79,56.0,0,0,7.6,0,12.0,0,0,0,0
80,70.0,0,0,10.6,1,12.0,0,0,0,0
81,56.0,0,0,4.7,1,12.0,0,0,0,0
82,68.0,0,0,29.0,1,12.0,0,0,0,0
83,57.0,0,0,18.0,1,12.0,0,0,0,0
84,70.0,0,0,27.0,1,12.0,0,0,0,0
85,57.0,0,0,8.5,1,24.0,0,0,0,0
86,52.0,0,0,5.0,1,12.0,0,0,0,0
87,58.0,0,0,5.0,0,12.0,0,0,0,0
88,64.0,0,0,8.39,1,12.0,0,0,0,0
89,56.0,0,0,4.79,1,12.0,0,0,0,0
90,58.0,0,0,6.8,0,12.0,0,0,0,0
91,58.0,0,0,4.9,0,12.0,0,0,0,0
93,56.0,0,0,7.0,1,12.0,0,0,0,0
94,58.0,1,0,16.2,0,12.0,0,0,0,0
95,64.0,0,0,7.0,0,24.0,0,0,0,0
96,59.0,0,0,4.5,1,12.0,0,0,0,0
97,71.0,0,0,8.3,1,12.0,0,0,0,0
98,60.0,0,0,6.5,1,18.0,0,0,0,0
99,70.0,0,0,7.2,1,12.0,0,0,0,0
101,62.0,0,0,6.0,1,12.0,0,0,0,0
102,63.0,0,0,10.0,1,12.0,0,0,0,0
104,59.0,0,0,21.0,0,12.0,0,0,0,0
105,60.0,1,0,14.0,1,12.0,0,0,0,0
106,65.0,0,0,5.97,1,20.0,0,0,0,0
107,61.0,0,0,6.98,0,12.0,0,0,0,0
108,61.0,0,0,12.0,1,12.0,0,0,0,0
110,68.0,0,0,24.0,1,12.0,0,0,0,0
111,68.0,0,0,8.0,1,12.0,0,0,0,0
112,61.0,0,0,8.9,1,24.0,0,0,0,0
113,61.0,0,0,10.0,1,12.0,0,0,0,0
114,64.0,0,0,8.0,1,12.0,0,0,0,0
115,56.0,0,0,4.0,1,12.0,0,0,0,0
116,55.0,0,0,17.0,1,12.0,0,0,0,0
117,62.0,0,0,5.2,0,24.0,0,0,0,0
118,62.0,0,0,8.3,1,12.0,0,0,0,0
119,62.0,0,0,6.3,0,18.0,0,0,0,0
120,62.0,0,0,9.3,1,12.0,0,0,0,0
122,68.0,0,0,23.0,1,12.0,0,0,0,0
123,54.0,0,0,12.6,1,12.0,0,0,0,0
124,63.0,0,0,5.5,0,12.0,0,0,0,0
125,58.0,0,0,13.8,1,12.0,0,0,0,0
126,74.0,0,0,8.0,1,12.0,0,0,0,0
127,63.0,1,0,21.0,1,24.0,0,0,0,0
128,69.0,0,0,13.4,1,12.0,0,0,0,0
129,63.0,0,0,11.0,1,12.0,0,0,0,0
130,63.0,0,0,21.3,1,24.0,0,0,0,0
131,63.0,0,0,7.1,1,12.0,0,0,0,0
132,63.0,0,0,11.9,1,12.0,0,0,0,0
133,63.0,0,0,6.0,1,12.0,0,0,0,0
134,64.0,0,0,4.9,1,12.0,0,0,0,0
135,61.0,0,0,12.6,1,12.0,0,0,0,0
136,64.0,0,0,7.0,1,12.0,0,0,0,0
137,64.0,0,0,3.8,1,12.0,0,0,0,0
138,64.0,0,0,15.6,1,12.0,0,0,0,0
139,71.0,0,0,5.4,1,12.0,0,0,0,0
140,64.0,0,0,22.0,1,12.0,0,0,0,0
141,64.0,0,0,18.0,1,6.0,0,0,0,0
142,75.0,0,0,12.8,1,12.0,0,0,0,0
143,64.0,0,0,8.0,1,12.0,0,0,0,0
144,50.0,0,0,10.8,0,24.0,0,0,0,0
145,61.0,0,0,4.1,1,12.0,0,0,0,0
146,58.0,0,0,17.0,0,12.0,0,0,0,0
147,65.0,1,0,2.0,1,12.0,0,0,0,0
148,59.0,0,0,9.4,0,10.0,0,0,0,0
149,66.0,0,0,4.49,0,12.0,0,0,0,0
150,66.0,0,0,10.0,1,12.0,0,0,0,0
151,66.0,0,0,11.5,1,12.0,0,0,0,0
152,66.0,1,0,5.31,1,12.0,0,0,0,0
153,54.0,1,0,9.6,0,12.0,0,0,0,0
154,66.0,0,0,33.6,1,6.0,0,0,0,0
155,58.0,0,0,16.0,1,12.0,0,0,0,0
156,66.0,0,0,5.1,1,12.0,0,0,0,0
157,69.0,0,0,48.3,1,12.0,0,0,0,0
158,74.0,0,0,4.7,1,12.0,0,0,0,0
159,42.0,0,0,6.0,0,12.0,0,0,0,0
160,58.0,1,0,5.11,1,12.0,0,0,0,0
161,63.0,1,0,6.8,0,12.0,0,0,0,0
162,67.0,0,0,8.8,1,12.0,0,0,0,0
163,65.0,0,0,8.9,0,12.0,0,0,0,0
164,50.0,0,0,4.8,1,12.0,0,0,0,0
165,65.0,0,0,10.0,1,12.0,0,0,0,0
166,68.0,0,0,8.0,0,12.0,0,0,0,0
167,68.0,0,0,15.0,0,12.0,0,0,0,0
168,70.0,0,0,26.0,0,12.0,0,0,0,0
169,68.0,1,0,0.6,1,12.0,0,0,0,0
170,69.0,0,0,5.1,1,12.0,0,0,0,0
171,69.0,0,0,31.0,0,12.0,0,0,0,0
172,61.0,0,0,4.3,1,12.0,0,0,0,0
173,66.0,0,0,8.0,1,12.0,0,0,0,0
174,69.0,0,0,27.6,1,24.0,0,0,0,0
175,69.0,0,0,83.0,1,6.0,0,0,0,0
176,69.0,0,0,15.85,1,12.0,0,0,0,0
177,64.0,1,0,7.0,1,12.0,0,0,0,0
178,69.0,0,0,20.2,1,10.0,0,0,0,0
179,69.0,0,0,12.8,1,12.0,0,0,0,0
180,69.0,0,0,14.9,1,6.0,0,0,0,0
181,63.0,0,0,5.7,1,12.0,0,0,0,0
182,70.0,0,0,2.5,1,12.0,0,0,0,0
183,64.0,0,0,12.0,0,24.0,0,0,0,0
184,70.0,0,0,12.0,1,18.0,0,0,0,0
185,76.0,0,0,5.2,1,12.0,0,0,0,0
186,63.0,0,0,6.0,0,12.0,0,0,0,0
187,78.0,0,0,10.5,1,6.0,0,0,0,0
188,46.0,0,0,3.9,1,12.0,0,0,0,0
189,71.0,0,0,18.0,1,12.0,0,0,0,0
190,71.0,0,0,29.0,1,12.0,0,0,0,0
191,71.0,0,0,9.0,1,12.0,0,0,0,0
192,71.0,0,0,5.0,1,12.0,0,0,0,0
193,55.0,0,0,3.8,1,12.0,0,0,0,0
194,71.0,0,0,18.2,1,12.0,0,0,0,0
195,71.0,0,0,28.0,1,12.0,0,0,0,0
196,71.0,0,0,24.0,1,12.0,0,0,0,0
197,61.0,1,0,18.0,1,24.0,0,0,0,0
198,53.0,0,0,9.0,1,24.0,0,0,0,0
199,65.0,1,0,8.0,1,12.0,0,0,0,0
200,73.0,1,0,5.7,1,12.0,0,0,0,0
201,54.0,0,0,6.3,1,12.0,0,0,0,0
202,73.0,0,0,33.8,1,6.0,0,0,0,0
203,73.0,1,0,28.6,1,4.0,0,0,0,0
204,68.0,0,0,21.1,1,12.0,0,0,0,0
205,73.0,0,0,16.0,1,12.0,0,0,0,0
206,73.0,1,0,28.0,1,12.0,0,0,0,0
207,58.0,0,0,7.0,0,12.0,0,0,0,0
208,81.0,0,0,4.3,1,8.0,0,0,0,0
209,74.0,1,0,22.0,1,12.0,0,0,0,0
210,74.0,0,0,30.0,1,12.0,0,0,0,0
211,51.0,0,0,5.0,1,12.0,0,0,0,0
212,63.0,1,0,12.6,1,15.0,0,0,0,0
213,75.0,0,0,13.5,1,12.0,0,0,0,0
214,75.0,0,0,21.0,1,12.0,0,0,0,0
215,76.0,0,0,14.0,1,12.0,0,0,0,0
216,64.0,0,0,7.0,1,12.0,0,0,0,0
217,62.0,0,0,3.0,1,12.0,0,0,0,0
218,78.0,1,0,21.9,1,6.0,0,0,0,0
219,79.0,1,0,43.9,0,4.0,0,0,0,0
220,79.0,0,0,7.0,1,12.0,0,0,0,0
221,57.0,0,0,8.1,1,12.0,0,0,0,0
222,81.0,0,0,7.0,1,4.0,0,0,0,0
223,81.0,1,0,23.6,1,6.0,0,0,0,0
224,39.0,0,0,3.6,0,12.0,0,0,0,0
225,47.0,0,0,3.0,1,12.0,0,0,0,0
226,67.0,0,0,5.8,0,18.0,0,0,0,0
227,62.0,1,0,20.0,1,12.0,0,0,0,0
228,63.0,0,0,9.9,1,12.0,0,0,0,0
229,60.0,0,0,5.5,1,18.0,0,0,0,0
230,69.0,0,0,7.9,0,18.0,0,0,0,0
231,59.0,0,0,18.0,1,18.0,0,0,0,0
232,71.0,0,0,10.0,1,18.0,0,0,0,0
233,54.0,0,0,6.0,1,12.0,0,0,0,0
234,60.0,0,0,6.1,0,12.0,0,0,0,0
235,55.0,0,0,5.0,0,12.0,0,0,0,0
236,60.0,0,0,7.2,0,12.0,0,0,0,0
237,72.0,0,0,6.0,0,18.0,0,0,0,0
238,56.0,0,0,5.0,1,12.0,0,0,0,0
239,60.0,0,0,12.0,1,24.0,0,0,0,0
240,70.0,0,0,6.0,1,12.0,0,0,0,0
241,63.0,0,0,4.4,0,12.0,0,0,0,0
242,57.0,0,0,6.5,0,12.0,0,0,0,0
243,59.0,0,0,5.5,1,12.0,0,0,0,0
244,57.0,0,0,4.5,1,18.0,0,0,0,0
245,58.0,0,0,7.0,0,12.0,0,0,0,0
246,58.0,0,0,3.0,1,12.0,0,0,0,0
247,58.0,0,0,3.7,1,12.0,0,0,0,0
248,57.0,0,0,14.5,1,12.0,0,0,0,0
249,59.0,0,0,8.3,0,12.0,0,0,0,0
250,62.0,0,0,6.6,1,12.0,0,0,0,0
251,59.0,0,0,12.3,1,6.0,0,0,0,0
252,59.0,0,0,5.7,1,12.0,0,0,0,0
253,67.0,0,0,8.1,0,18.0,0,0,0,0
254,60.0,0,0,8.8,0,22.0,0,0,0,0
255,60.0,0,0,23.0,1,12.0,0,0,0,0
256,60.0,0,0,6.1,1,12.0,0,0,0,0
257,55.0,0,0,4.0,0,12.0,0,0,0,0
258,63.0,0,0,8.0,0,18.0,0,0,0,0
259,52.0,0,0,2.4,0,12.0,0,0,0,0
260,69.0,1,0,7.1,1,12.0,0,0,0,0
261,69.0,0,0,5.0,1,12.0,0,0,0,0
262,62.0,0,0,5.7,0,12.0,0,0,0,0
263,57.0,0,0,5.02,1,12.0,0,0,0,0
264,62.0,0,0,7.0,0,12.0,0,0,0,0
265,69.0,0,0,6.0,0,12.0,0,0,0,0
266,60.0,1,0,4.0,0,12.0,0,0,0,0
267,51.0,0,0,7.4,0,12.0,0,0,0,0
268,67.0,0,0,6.5,0,12.0,0,0,0,0
269,54.0,0,0,9.7,1,12.0,0,0,0,0
270,51.0,0,0,33.0,0,12.0,0,0,0,0
271,73.0,0,0,10.9,1,12.0,0,0,0,0
272,63.0,0,0,7.9,1,12.0,0,0,0,0
273,68.0,0,0,4.0,0,10.0,0,0,0,0
274,80.0,0,0,76.0,1,10.0,0,0,0,0
275,66.0,0,0,10.0,0,24.0,0,0,0,0
276,61.0,0,0,8.0,1,12.0,0,0,0,0
277,65.0,0,0,5.5,1,12.0,0,0,0,0
278,65.0,0,0,6.0,1,12.0,0,0,0,0
279,65.0,0,0,10.0,1,12.0,0,0,0,0
280,67.0,0,0,8.3,0,12.0,0,0,0,0
281,66.0,1,0,4.4,0,12.0,0,0,0,0
282,57.0,0,0,2.0,0,12.0,0,0,0,0
283,61.0,0,0,4.0,1,24.0,0,0,0,0
284,68.0,1,0,26.6,1,10.0,0,0,0,0
285,66.0,0,0,13.0,1,12.0,0,0,0,0
286,66.0,0,0,4.8,1,12.0,0,0,0,0
287,67.0,0,0,5.0,1,14.0,0,0,0,0
288,67.0,0,0,7.0,1,18.0,0,0,0,0
289,67.0,0,0,5.0,1,18.0,0,0,0,0
290,67.0,0,0,22.2,1,12.0,0,0,0,0
291,67.0,0,0,22.6,1,12.0,0,0,0,0
292,53.0,0,0,6.0,0,24.0,0,0,0,0
293,66.0,0,0,11.7,1,12.0,0,0,0,0
294,68.0,0,0,8.8,1,12.0,0,0,0,0
295,66.0,0,0,18.0,1,12.0,0,0,0,0
296,71.0,0,0,10.3,1,12.0,0,0,0,0
297,59.0,0,0,6.64,1,12.0,0,0,0,0
298,67.0,0,0,8.7,1,24.0,0,0,0,0
299,69.0,0,0,10.6,1,12.0,0,0,0,0
300,59.0,0,0,16.0,1,24.0,0,0,0,0
301,59.0,0,0,6.0,0,12.0,0,0,0,0
302,70.0,0,0,18.0,1,12.0,0,0,0,0
303,57.0,0,0,4.8,0,12.0,0,0,0,0
304,75.0,0,0,70.0,1,12.0,0,0,0,0
305,78.0,0,0,9.3,1,12.0,0,0,0,0
306,67.0,0,0,5.3,1,12.0,0,0,0,0
307,64.0,0,0,4.6,1,12.0,0,0,0,0
308,63.0,0,0,9.0,1,12.0,0,0,0,0
309,42.0,0,0,8.5,0,12.0,0,1,0,0
310,42.0,0,0,54.0,0,12.0,0,0,0,0
311,69.0,0,0,6.0,1,12.0,0,0,0,0
312,61.0,0,0,19.0,0,12.0,0,0,0,0
313,46.0,0,0,5.6,0,12.0,0,0,0,0
314,49.0,0,0,5.0,0,12.0,0,0,0,0
315,48.0,1,0,3.6,1,12.0,0,0,0,0
316,45.0,0,0,15.0,0,12.0,0,0,0,0
317,66.0,0,0,5.2,1,12.0,0,0,0,0
318,82.0,0,0,16.2,0,12.0,0,0,0,0
319,53.0,0,0,6.0,0,24.0,0,0,0,0
320,60.0,0,0,4.7,1,18.0,0,0,0,0
321,52.0,0,0,5.2,1,16.0,0,0,0,0
322,52.0,0,0,14.0,1,12.0,0,0,0,0
323,53.0,0,0,25.0,0,12.0,0,0,0,0
324,67.0,0,0,21.0,0,12.0,0,1,0,0
325,53.0,0,0,4.6,1,12.0,0,0,0,0
326,64.0,0,0,8.0,1,12.0,0,0,0,0
327,69.0,0,0,5.6,0,12.0,0,0,0,0
328,55.0,0,0,8.7,1,24.0,0,0,0,0
329,75.0,0,0,6.8,1,12.0,0,0,0,0
330,55.0,0,0,4.0,0,18.0,0,0,0,0
331,54.0,0,0,8.0,1,6.0,0,0,0,0
332,55.0,0,0,4.0,0,12.0,0,0,0,0
333,59.0,0,0,7.6,0,12.0,0,0,0,0
334,70.0,0,0,10.6,1,12.0,0,0,0,0
335,56.0,0,0,4.7,1,12.0,0,0,0,0
336,68.0,0,0,29.0,1,12.0,0,0,0,0
337,57.0,0,0,18.0,1,12.0,0,1,0,0
338,71.0,0,0,27.0,1,12.0,0,0,0,0
339,57.0,0,0,8.5,1,24.0,0,0,0,0
340,52.0,0,0,5.0,1,12.0,0,0,0,0
341,59.0,0,0,5.2,0,12.0,0,0,0,0
342,64.0,0,0,8.39,1,12.0,0,0,0,0
343,55.0,0,0,4.79,1,12.0,0,0,0,0
344,58.0,0,0,6.8,0,12.0,0,0,0,0
345,59.0,0,0,4.9,0,12.0,0,0,0,0
346,58.0,0,0,7.8,1,12.0,0,0,0,0
347,56.0,0,0,7.0,1,12.0,0,0,0,0
348,58.0,0,0,16.2,0,12.0,0,0,0,0
349,65.0,0,0,8.0,0,24.0,0,0,0,0
350,69.0,0,0,4.4,0,20.0,0,0,0,0
351,59.0,0,0,4.5,1,12.0,0,0,0,0
352,71.0,0,0,8.3,1,12.0,0,0,0,0
353,60.0,0,0,6.5,1,18.0,0,0,0,0
354,71.0,0,0,8.3,1,12.0,0,0,0,0
355,74.0,0,0,5.97,0,12.0,0,0,0,0
356,62.0,0,0,6.0,1,12.0,0,0,0,0
357,63.0,0,0,10.0,1,12.0,0,0,0,0
358,60.0,0,0,9.0,1,16.0,0,0,0,0
359,59.0,0,0,21.0,0,12.0,0,0,0,0
360,62.0,0,0,17.0,1,12.0,0,0,0,0
361,65.0,0,0,6.98,1,20.0,0,0,0,0
362,60.0,0,0,5.97,0,12.0,0,0,0,0
363,61.0,0,0,12.0,1,12.0,0,1,0,0
364,61.0,0,0,7.0,0,12.0,0,0,0,0
365,68.0,0,0,25.0,1,12.0,0,0,0,0
366,67.0,0,0,8.0,1,12.0,0,0,0,0
367,61.0,0,0,8.9,1,24.0,0,0,0,0
368,61.0,0,0,10.0,1,12.0,0,0,0,0
369,64.0,0,0,8.0,1,12.0,0,0,0,0
370,56.0,0,0,4.0,1,12.0,0,0,0,0
371,58.0,0,0,14.0,1,12.0,0,0,0,0
372,62.0,0,0,5.2,0,24.0,0,0,0,0
373,62.0,0,0,8.3,1,12.0,0,0,0,0
374,68.0,0,0,6.3,0,18.0,0,0,0,0
375,62.0,0,0,9.3,1,12.0,0,0,0,0
376,62.0,0,0,23.0,1,6.0,0,0,0,0
377,68.0,0,0,24.0,1,12.0,0,0,0,0
378,51.0,0,0,12.6,1,12.0,0,0,0,0
379,63.0,0,0,5.5,0,12.0,0,0,0,0
380,58.0,0,0,13.8,1,12.0,0,0,0,0
381,77.0,0,0,8.0,1,12.0,0,0,0,0
382,63.0,1,0,21.0,1,24.0,0,0,0,0
383,69.0,0,0,13.4,1,12.0,0,0,0,0
384,68.0,0,0,11.0,1,12.0,0,0,0,0
385,63.0,0,0,21.3,1,24.0,0,1,0,0
386,63.0,0,0,8.8,1,12.0,0,0,0,0
387,63.0,1,0,11.9,1,12.0,0,0,0,0
388,61.0,0,0,6.2,1,12.0,0,0,0,0
389,64.0,0,0,4.9,1,12.0,0,0,0,0
390,61.0,0,0,12.6,1,12.0,0,0,0,0
391,64.0,0,0,7.0,1,12.0,0,0,0,0
392,64.0,0,0,3.8,1,12.0,0,0,0,0
393,64.0,0,0,15.6,1,12.0,0,1,0,0
394,71.0,0,0,5.4,1,12.0,0,0,0,0
395,64.0,0,0,23.0,1,12.0,0,0,0,0
396,64.0,0,0,19.0,1,6.0,0,0,0,0
397,74.0,0,0,12.6,1,12.0,0,0,0,0
398,63.0,0,0,7.0,1,12.0,0,0,0,0
399,51.0,0,0,10.8,0,24.0,0,0,0,0
400,61.0,0,0,4.1,1,12.0,0,0,0,0
401,58.0,0,0,17.0,0,12.0,0,0,0,0
402,65.0,1,0,2.0,1,12.0,0,0,0,0
403,59.0,0,0,9.4,0,10.0,0,0,0,0
404,68.0,0,0,4.49,0,12.0,0,0,0,0
405,66.0,1,0,10.0,1,12.0,0,0,0,0
406,66.0,0,0,11.5,1,12.0,0,0,0,0
407,66.0,1,0,5.31,1,12.0,0,0,0,0
408,54.0,1,0,9.6,0,12.0,0,0,0,0
409,66.0,0,0,33.8,1,6.0,0,0,0,0
410,58.0,0,0,17.0,1,12.0,0,0,0,0
411,66.0,0,0,5.1,1,12.0,0,0,0,0
412,69.0,0,0,45.0,1,12.0,0,0,0,0
413,74.0,0,0,4.6,1,12.0,0,0,0,0
414,42.0,0,0,6.0,0,12.0,0,0,0,0
415,58.0,1,0,5.11,1,12.0,0,0,0,0
416,63.0,1,0,6.8,0,12.0,0,0,0,0
417,67.0,0,0,8.8,1,12.0,0,1,0,0
418,67.0,0,0,7.0,1,12.0,0,0,0,0
419,65.0,0,0,8.9,0,12.0,0,0,0,0
420,50.0,0,0,4.8,1,12.0,0,0,0,0
421,65.0,0,0,9.0,1,12.0,0,0,0,0
422,68.0,0,0,8.0,0,12.0,0,0,0,0
423,68.0,0,0,15.0,0,12.0,0,0,0,0
424,70.0,0,0,26.0,0,12.0,0,0,0,0
425,68.0,1,0,0.6,1,12.0,0,0,0,0
426,59.0,0,0,9.0,1,12.0,0,0,0,0
427,69.0,0,0,5.1,1,12.0,0,0,0,0
428,68.0,0,0,35.0,0,12.0,0,0,0,0
429,61.0,0,0,4.3,1,12.0,0,0,0,0
430,66.0,0,0,8.0,1,12.0,0,0,0,0
431,69.0,0,0,28.0,1,24.0,0,0,0,0
432,69.0,0,0,8.0,1,6.0,0,0,0,0
433,69.0,0,0,15.8,1,12.0,0,0,0,0
434,66.0,1,0,8.0,1,12.0,0,0,0,0
435,69.0,0,0,20.2,1,10.0,0,0,0,0
436,69.0,0,0,12.8,1,12.0,0,0,0,0
437,69.0,0,0,14.9,1,6.0,0,0,0,0
438,61.0,1,0,5.7,1,12.0,0,0,0,0
439,72.0,0,0,2.5,1,12.0,0,0,0,0
440,64.0,0,0,13.0,0,24.0,0,1,0,0
441,70.0,0,0,13.0,1,18.0,0,0,0,0
442,78.0,0,0,5.2,1,12.0,0,0,0,0
443,63.0,0,0,6.0,0,12.0,0,0,0,0
444,79.0,0,0,10.6,1,6.0,0,0,0,0
445,45.0,0,0,3.5,1,12.0,0,0,0,0
446,71.0,0,0,17.0,1,12.0,0,0,0,0
447,71.0,0,0,28.0,1,12.0,0,0,0,0
448,71.0,0,0,10.0,1,12.0,0,0,0,0
449,71.0,0,0,5.0,1,12.0,0,0,0,0
450,55.0,0,0,3.8,1,12.0,0,0,0,0
451,71.0,0,0,18.2,1,12.0,0,0,0,0
452,71.0,0,0,28.0,1,12.0,0,0,0,0
453,72.0,1,0,24.0,1,12.0,0,0,0,0
454,61.0,0,0,18.0,1,24.0,0,0,0,0
455,53.0,0,0,10.0,1,24.0,0,0,0,0
456,65.0,1,0,7.0,1,12.0,0,0,0,0
457,73.0,1,0,6.2,1,12.0,0,0,0,0
458,54.0,0,0,6.3,1,12.0,0,0,0,0
459,73.0,0,0,33.0,1,6.0,0,0,0,0
460,73.0,1,0,29.0,1,4.0,0,0,0,0
461,68.0,0,0,21.1,1,12.0,0,1,0,0
462,73.0,0,0,16.0,1,12.0,0,0,0,0
463,73.0,1,0,28.0,1,12.0,0,0,0,0
464,58.0,0,0,8.0,0,12.0,0,0,0,0
465,81.0,1,0,4.49,1,8.0,0,0,0,0
466,74.0,1,0,22.0,1,12.0,0,0,0,0
467,74.0,0,0,30.0,1,12.0,0,0,0,0
468,51.0,0,0,5.0,1,12.0,0,0,0,0
469,63.0,1,0,12.6,1,15.0,0,0,0,0
470,77.0,0,0,12.6,1,12.0,0,0,0,0
471,75.0,0,0,22.0,1,12.0,0,1,0,0
472,76.0,0,0,14.0,1,12.0,0,0,0,0
473,64.0,0,0,7.0,1,12.0,0,0,0,0
474,62.0,0,0,2.5,1,12.0,0,0,0,0
475,78.0,0,0,21.9,1,6.0,0,0,0,0
476,79.0,0,0,44.0,0,4.0,0,0,0,0
477,81.0,0,0,7.0,1,12.0,0,0,0,0
478,57.0,0,0,8.1,1,12.0,0,0,0,0
479,81.0,0,0,8.0,1,4.0,0,0,0,0
480,82.0,1,0,24.0,1,6.0,0,0,0,0
481,39.0,0,0,3.9,0,12.0,0,0,0,0
482,47.0,0,0,3.0,1,12.0,0,0,0,0
483,67.0,0,0,5.7,0,18.0,0,0,0,0
484,62.0,1,0,20.0,1,12.0,0,0,0,0
485,63.0,0,0,9.9,1,12.0,0,1,0,0
486,62.0,0,0,5.6,1,18.0,0,0,0,0
487,69.0,1,0,7.2,0,18.0,0,0,0,0
488,59.0,0,0,18.0,1,18.0,0,0,0,0
489,71.0,0,0,10.0,1,18.0,0,0,0,0
490,49.0,0,0,6.0,1,12.0,0,0,0,0
491,60.0,0,0,6.2,0,12.0,0,0,0,0
492,55.0,0,0,5.0,0,12.0,0,0,0,0
493,60.0,0,0,7.2,0,12.0,0,0,0,0
494,72.0,0,0,5.0,0,18.0,0,0,0,0
495,56.0,0,0,5.0,1,12.0,0,0,0,0
496,60.0,0,0,13.0,1,24.0,0,0,0,0
497,70.0,0,0,5.0,1,12.0,0,0,0,0
498,63.0,0,0,4.4,0,12.0,0,0,0,0
499,57.0,0,0,6.0,0,12.0,0,0,0,0
500,59.0,0,0,5.5,1,12.0,0,0,0,0
501,59.0,0,0,4.5,1,18.0,0,0,0,0
502,58.0,0,0,7.0,0,12.0,0,0,0,0
503,58.0,0,0,3.0,1,12.0,0,0,0,0
504,58.0,1,0,3.8,1,12.0,0,0,0,0
505,57.0,0,0,14.5,1,12.0,0,0,0,0
506,59.0,0,0,8.3,0,12.0,0,0,0,0
507,62.0,0,0,6.8,1,12.0,0,0,0,0
508,59.0,0,0,12.3,1,6.0,0,0,0,0
509,59.0,0,0,5.7,1,12.0,0,0,0,0
510,67.0,0,0,7.1,0,18.0,0,0,0,0
511,60.0,0,0,7.8,0,22.0,0,0,0,0
512,60.0,0,0,23.0,1,12.0,0,0,0,0
513,60.0,0,0,6.1,1,12.0,0,0,0,0
514,56.0,0,0,4.0,0,12.0,0,0,0,0
515,63.0,0,0,8.0,0,18.0,0,0,0,0
516,52.0,0,0,3.0,0,12.0,0,0,0,0
517,69.0,0,0,7.1,1,12.0,0,0,0,0
518,68.0,0,0,6.0,1,12.0,0,0,0,0
519,62.0,0,0,5.7,0,12.0,0,0,0,0
520,57.0,0,0,6.0,1,12.0,0,0,0,0
521,64.0,0,0,7.0,0,12.0,0,0,0,0
522,69.0,0,0,5.0,0,12.0,0,0,0,0
523,62.0,1,0,4.0,0,12.0,0,0,0,0
524,50.0,0,0,7.4,0,12.0,0,0,0,0
525,67.0,0,0,6.8,0,12.0,0,0,0,0
526,54.0,0,0,9.7,1,12.0,0,0,0,0
527,50.0,0,0,35.0,0,12.0,0,0,0,0
528,73.0,1,0,10.8,1,12.0,0,0,0,0
529,63.0,0,0,8.8,1,12.0,0,0,0,0
530,68.0,0,0,4.6,0,10.0,0,0,0,0
531,84.0,0,0,78.0,1,10.0,0,0,0,0
532,66.0,0,0,9.0,0,24.0,0,0,0,0
533,61.0,0,0,8.0,1,12.0,0,0,0,0
534,65.0,0,0,5.5,1,12.0,0,0,0,0
535,65.0,0,0,6.0,1,12.0,0,0,0,0
536,65.0,0,0,10.0,1,12.0,0,1,0,0
537,67.0,0,0,8.3,0,12.0,0,0,0,0
538,66.0,1,0,4.4,0,12.0,0,0,0,0
539,57.0,0,0,0.6,0,12.0,0,0,0,0
540,61.0,0,0,4.0,1,24.0,0,0,0,0
541,68.0,1,0,27.0,1,10.0,0,0,0,0
542,66.0,0,0,13.0,1,12.0,0,0,0,0
543,66.0,0,0,4.8,1,12.0,0,0,0,0
544,67.0,0,0,6.0,1,14.0,0,0,0,0
545,67.0,0,0,7.0,1,18.0,0,0,0,0
546,67.0,0,0,5.0,1,18.0,0,0,0,0
547,67.0,0,0,22.2,1,12.0,0,0,0,0
548,67.0,0,0,21.0,1,12.0,0,0,0,0
549,53.0,0,0,6.0,0,24.0,0,0,0,0
550,66.0,0,0,11.7,1,12.0,0,0,0,0
551,68.0,0,0,8.8,1,12.0,0,1,0,0
552,66.0,0,0,18.0,1,12.0,0,0,0,0
553,71.0,0,0,10.9,1,12.0,0,0,0,0
554,59.0,0,0,6.6,1,12.0,0,0,0,0
555,67.0,0,0,8.7,1,24.0,0,0,0,0
556,69.0,1,0,10.6,1,12.0,0,0,0,0
557,59.0,0,0,16.0,1,24.0,0,0,0,0
558,55.0,0,0,5.0,0,12.0,0,0,0,0
559,70.0,1,0,18.0,1,12.0,0,0,0,0
560,57.0,0,0,4.8,0,12.0,0,0,0,0
561,75.0,0,0,75.0,1,12.0,0,0,0,0
562,78.0,0,0,9.3,1,12.0,0,0,0,0
563,67.0,0,0,6.0,1,12.0,0,0,0,0
564,64.0,0,0,4.8,1,12.0,0,0,0,0
